100
1
1 10 10
0
1
1 10 10
1
1 10 10
1
1 10 10
2
1 10 10
1 10 10
3
1 6 0
1 5 1
1 6 0
3
1 3 0
1 1 0
0 0 0
7
0 7 0
1 1 2
0 0 0
1 9 0
0 5 0
0 9 0
1 5 0
0
3
1 6 1
0 9 0
1 2 0
5
1 6 0
0 8 0
1 1 0
1 5 1
1 8 0
8
0 8 0
1 0 0
0 4 0
1 1 0
0 9 0
1 5 1
0 1 1
0 3 0
1
1 4 0
9
1 4 0
0 0 1
0 9 1
0 0 2
0 6 0
1 7 0
0 2 0
1 8 0
1 4 0
1
0 7 1
10
0 4 1
1 2 0
0 0 0
1 0 0
1 5 0
1 6 0
0 2 0
1 0 1
1 6 0
0 7 0
1
0 1 1
9
1 2 0
0 0 0
1 0 0
1 7 0
0 8 0
1 0 0
1 5 0
1 1 2
1 3 0
3
0 3 1
1 7 0
0 5 0
12
1 8 0
1 8 0
0 6 0
0 4 0
0 8 0
1 7 0
1 1 0
0 0 0
0 6 0
0 2 0
0 2 1
0 7 0
1
0 6 0
10
0 9 1
0 3 0
1 1 0
0 8 2
0 7 0
0 9 2
1 1 0
0 8 0
1 4 0
0 8 2
4
1 3 0
0 7 0
0 5 1
0 6 2
12
1 8 0
1 3 2
1 5 0
1 2 0
1 5 1
0 4 0
0 6 0
1 0 1
0 1 2
0 2 0
1 1 1
0 4 0
3
1 4 0
0 7 0
1 5 0
10
0 1 1
1 3 0
0 8 0
1 1 0
0 0 0
0 9 0
1 8 0
1 6 0
1 2 0
1 8 0
6
1 0 0
1 4 0
0 2 0
1 1 0
0 5 0
0 0 1
2
1 5 0
0 9 1
15
0 8 0
1 0 2
1 5 0
1 1 0
0 4 0
0 5 1
1 7 0
1 5 0
1 8 0
0 3 1
1 1 0
0 9 0
1 6 0
1 9 0
1 0 0
9
1 4 0
0 2 1
1 9 0
1 8 0
0 7 0
0 5 0
0 8 1
1 5 0
0 2 0
9
1 5 0
0 9 0
1 3 0
1 0 1
0 9 0
0 1 0
0 1 0
0 8 0
1 3 0
19
1 5 1
0 8 0
1 3 1
0 2 0
1 1 0
1 9 0
0 1 0
1 2 0
0 8 1
0 7 1
1 1 0
0 7 0
0 0 0
1 8 0
0 5 0
0 1 0
1 4 0
1 7 0
0 8 0
0
5
1 8 1
0 8 0
1 4 0
0 0 0
0 4 1
15
1 0 0
1 3 0
0 7 0
0 1 0
0 8 0
0 4 0
1 6 1
0 0 0
0 5 0
1 2 0
1 6 0
1 0 2
0 1 0
1 6 0
0 1 0
21
1 5 0
1 7 0
1 1 1
0 4 0
1 2 1
1 0 1
1 8 0
0 4 0
0 6 1
1 9 0
0 2 0
0 9 0
0 9 0
1 4 0
0 8 0
1 7 0
1 1 0
0 8 0
0 8 2
1 0 0
0 1 1
0
11
1 2 0
0 0 0
1 8 0
1 3 0
1 9 0
1 5 1
1 0 2
0 3 0
1 3 2
0 2 0
1 7 0
11
1 0 0
1 7 0
0 0 1
0 1 0
0 1 0
1 9 2
0 2 0
0 4 0
0 9 2
1 4 0
0 2 0
21
1 4 0
0 6 1
1 9 0
1 5 0
0 8 1
0 8 0
1 4 1
0 2 0
0 9 1
0 4 0
0 1 0
0 3 0
0 6 0
1 0 0
0 6 0
1 3 0
0 2 1
1 2 0
0 8 0
1 1 2
1 4 0
2
0 1 0
0 5 1
11
0 1 0
0 7 0
0 3 2
0 3 0
1 8 0
0 1 0
1 9 0
0 4 0
0 1 0
0 9 0
1 9 1
13
0 7 0
0 8 0
0 5 0
0 1 0
1 8 2
1 8 1
0 6 0
1 3 0
1 7 0
1 6 1
1 3 1
1 8 0
0 4 0
10
0 2 1
1 4 1
0 9 0
1 7 0
0 0 0
0 3 0
0 5 0
0 6 0
0 5 0
0 1 0
15
0 6 0
1 1 0
1 3 0
1 9 0
1 0 0
1 7 0
1 1 2
1 5 0
0 5 0
0 4 0
1 5 1
0 6 0
1 0 0
0 0 0
1 0 0
7
0 5 1
0 6 1
1 4 0
1 2 0
1 6 0
0 2 0
0 5 1
19
1 7 0
0 1 0
0 5 0
1 3 0
1 4 0
1 5 0
1 0 0
0 6 1
1 4 0
0 9 2
0 9 0
1 5 0
1 6 0
1 4 0
0 1 1
1 0 0
1 5 0
1 6 0
1 6 0
20
0 4 1
1 9 1
1 1 1
0 5 0
0 9 0
1 3 0
1 8 1
1 3 0
1 1 0
0 1 0
1 8 0
1 7 0
1 4 0
0 7 0
0 7 0
1 7 0
1 8 0
1 1 0
0 3 0
0 6 0
7
0 7 0
0 5 1
0 0 1
1 8 0
1 0 0
1 5 0
1 5 0
4
0 4 1
1 6 0
0 3 0
1 5 0
24
1 1 0
0 0 1
1 6 0
0 7 1
0 4 1
0 9 1
1 9 0
1 7 0
0 6 1
1 3 0
0 0 0
0 2 0
0 3 0
1 2 0
1 9 0
1 0 0
0 4 0
0 0 0
0 3 0
1 7 0
0 4 0
0 7 1
0 7 1
1 6 0
26
1 3 1
0 8 0
1 4 0
1 5 0
0 3 0
0 2 0
0 6 1
0 2 0
0 5 0
0 9 0
0 9 0
1 3 1
0 0 0
0 2 1
1 2 0
1 0 0
0 6 0
1 3 0
0 2 0
0 7 0
0 8 0
1 5 0
1 6 0
1 9 0
0 4 0
1 0 0
3
1 2 0
1 6 0
1 5 0
12
1 6 1
0 8 0
1 3 0
0 5 0
1 7 0
0 5 0
1 8 0
0 3 1
1 5 0
0 1 0
0 4 0
1 2 0
18
1 4 0
1 3 0
0 2 0
1 3 0
0 7 0
0 1 0
0 8 0
1 2 1
0 4 0
0 9 0
1 7 0
1 5 0
0 3 0
1 8 0
0 4 0
1 2 0
1 8 0
1 0 0
29
0 7 0
1 8 0
0 1 0
1 1 0
0 1 0
0 4 0
1 5 1
0 8 0
0 6 0
0 1 1
1 3 0
0 3 1
0 5 0
0 4 0
0 4 0
0 3 0
1 1 0
0 1 0
1 1 0
0 0 0
1 8 0
1 2 0
0 7 0
0 8 0
0 5 0
1 8 1
0 3 0
0 2 0
1 2 0
2
0 1 1
1 8 0
7
0 2 0
0 3 1
1 0 0
1 6 0
0 0 0
0 9 0
1 9 0
25
0 2 1
1 1 0
1 6 2
0 4 0
1 2 1
0 4 0
0 3 0
0 0 0
1 4 1
1 9 0
1 9 1
1 5 1
1 3 1
1 2 0
0 6 1
0 3 0
0 5 0
0 3 1
0 4 1
1 4 0
1 3 0
1 1 1
1 9 0
1 4 0
0 8 0
10
1 8 0
0 0 1
1 7 1
1 4 1
0 8 0
1 3 0
1 9 0
1 4 0
1 0 1
0 1 0
23
1 4 0
0 7 0
0 8 0
1 8 2
1 7 1
1 9 0
0 6 1
1 0 0
0 8 0
0 3 0
1 2 0
0 1 0
1 4 1
0 2 0
1 2 1
1 5 0
0 5 0
0 7 0
1 6 0
1 0 0
1 5 0
0 9 0
1 8 0
10
0 3 0
1 5 0
0 3 0
1 8 0
1 5 0
1 5 0
1 9 1
1 0 0
1 4 0
1 2 1
24
1 7 0
0 9 0
0 8 0
0 6 0
1 4 0
0 0 0
0 8 0
1 6 0
0 4 0
0 7 0
0 5 1
1 3 1
1 2 1
0 0 0
1 0 1
1 2 0
1 3 1
1 6 0
0 7 0
0 8 0
1 5 0
0 8 0
1 9 0
1 2 0
5
1 6 0
0 6 0
0 8 1
0 4 0
0 8 0
30
0 4 0
1 5 2
0 7 0
0 1 0
0 0 0
1 0 0
1 6 1
0 2 0
1 5 2
0 5 0
0 4 0
0 2 0
1 3 2
0 7 0
1 9 0
0 2 0
1 1 0
0 8 1
0 6 0
0 2 1
1 0 0
1 1 1
0 7 0
1 6 0
0 8 0
1 7 0
0 5 0
0 2 2
0 8 0
1 1 0
36
0 5 0
1 4 0
0 6 0
0 9 2
0 9 0
1 6 0
1 0 0
0 5 0
1 0 1
1 7 1
0 5 0
0 2 1
1 0 0
1 8 0
0 8 0
1 1 0
1 4 0
0 0 0
1 2 0
0 9 0
0 6 0
1 1 0
1 7 0
0 1 1
0 7 0
1 9 0
0 2 0
1 3 0
0 6 0
0 0 1
1 4 0
0 7 0
0 3 0
1 7 0
1 0 0
0 5 0
0
5
0 6 0
1 4 2
1 3 0
0 4 0
1 1 0
32
0 8 1
0 6 1
1 4 0
0 9 0
0 8 0
1 6 0
0 2 0
1 4 0
0 2 0
0 9 0
0 3 0
0 1 1
1 7 0
0 1 0
1 7 0
1 6 0
1 6 0
0 5 0
0 1 0
1 9 0
0 6 0
1 0 0
0 6 0
1 1 0
1 8 0
0 8 0
0 5 0
1 6 0
1 5 0
1 5 0
0 0 0
1 3 0
10
1 8 0
0 1 0
0 5 0
1 9 2
1 4 0
0 5 0
0 5 0
0 2 0
1 1 1
1 9 1
28
0 4 0
1 5 0
0 9 0
0 6 0
0 9 0
0 0 0
1 1 0
1 6 0
0 1 0
1 6 0
1 1 0
0 6 0
0 9 0
1 4 0
0 8 0
0 6 0
1 4 0
0 6 0
1 3 0
1 3 1
0 3 2
1 4 0
0 4 0
1 6 0
1 9 0
1 7 0
1 8 0
1 9 2
39
1 7 0
1 1 0
0 1 0
1 0 1
1 3 0
1 6 0
0 7 0
1 8 0
0 2 0
0 5 0
1 1 1
0 8 1
0 1 1
1 6 0
1 3 0
0 6 0
1 9 0
0 1 0
0 0 0
0 9 0
1 8 0
1 0 0
0 7 0
1 4 0
0 3 1
0 9 0
0 0 1
1 3 0
1 0 1
0 5 0
0 3 0
1 0 0
1 8 0
1 8 0
0 6 0
0 8 0
1 8 0
1 4 0
0 7 0
0
29
1 9 0
0 4 1
1 3 0
0 2 1
1 9 0
1 2 0
1 4 0
0 8 0
0 2 0
1 5 0
1 7 1
0 0 1
1 4 1
0 0 0
0 6 0
0 3 0
1 6 0
1 2 2
0 3 2
0 0 0
1 6 2
1 1 0
1 6 0
0 5 0
1 1 1
1 1 1
0 5 0
0 6 0
1 7 0
11
0 8 1
0 5 0
1 7 0
0 7 0
0 6 0
1 2 0
1 6 0
1 0 0
1 8 0
0 6 0
0 8 1
34
1 2 2
0 9 0
1 0 0
1 1 1
1 7 0
0 2 2
0 5 0
0 0 0
0 4 1
0 4 0
0 1 0
0 4 0
1 1 0
0 2 0
0 5 0
0 4 0
0 6 0
1 6 0
1 1 1
1 3 0
0 0 0
1 1 0
1 7 0
1 1 0
1 0 0
1 6 0
0 2 0
1 5 0
1 7 0
0 9 0
0 5 1
0 9 0
1 3 0
1 3 0
7
0 2 0
1 7 0
1 7 0
0 5 0
1 0 0
1 3 0
1 3 0
5
0 1 0
1 7 0
1 3 0
0 2 1
0 4 0
37
1 4 0
1 7 0
1 6 0
0 4 1
0 6 0
1 5 2
1 2 0
0 7 0
0 8 0
1 7 1
1 0 2
1 5 0
0 1 0
0 0 1
1 9 1
0 3 1
0 6 0
1 2 0
1 9 0
0 2 1
1 7 0
0 7 0
0 9 1
1 5 0
0 5 0
0 5 0
1 3 0
0 9 1
0 2 0
1 4 1
0 4 0
0 8 0
0 5 0
1 3 0
1 9 0
1 6 0
0 9 0
32
1 9 0
0 8 0
0 4 0
1 2 1
1 5 2
0 0 1
1 3 1
1 9 1
1 0 0
0 8 0
0 6 0
0 9 0
1 4 0
1 9 0
1 1 0
1 9 0
0 4 0
1 0 1
0 1 1
0 1 1
0 2 0
1 0 1
0 4 0
1 3 0
0 2 0
1 9 0
0 1 0
0 1 1
0 4 1
1 8 0
1 1 1
1 8 0
11
0 3 1
0 1 0
1 7 0
1 1 2
1 1 0
1 3 0
0 1 0
0 8 0
0 9 1
0 4 1
0 2 0
24
0 6 0
1 8 0
1 1 1
0 8 0
0 5 0
0 0 0
0 3 0
0 5 0
1 8 0
0 4 1
1 5 0
1 9 0
1 2 0
1 8 0
0 3 0
0 9 0
0 9 0
0 7 0
1 5 0
0 4 0
0 7 0
1 9 1
0 3 0
0 2 0
20
0 3 0
0 6 2
1 1 0
0 6 0
0 8 0
1 6 0
0 5 0
0 2 0
0 0 0
0 8 0
0 2 0
0 6 0
0 1 0
0 9 0
1 3 1
0 8 0
1 4 0
0 8 0
1 6 0
1 5 0
29
1 1 0
1 8 0
0 6 0
1 5 0
1 2 0
1 5 1
0 7 0
0 2 1
1 0 0
1 0 0
0 9 0
0 0 0
1 6 1
1 1 0
1 3 0
0 5 0
1 8 0
0 0 0
1 3 2
0 1 0
1 4 1
1 3 0
1 4 0
0 9 0
0 2 0
1 9 0
1 7 0
0 2 0
0 2 2
16
1 7 0
0 2 0
0 7 0
1 0 0
0 0 0
1 2 0
1 8 0
1 3 0
1 7 0
1 6 0
1 3 1
1 3 0
0 8 1
1 2 0
0 0 0
0 3 2
45
0 12 0
0 0 0
1 7 0
0 1 0
0 11 0
1 6 0
1 17 0
0 12 1
0 7 1
1 3 0
0 7 1
1 9 0
1 14 0
0 19 0
1 17 1
1 12 0
1 12 1
1 9 0
1 5 0
0 18 0
0 5 0
1 11 0
1 13 0
1 19 0
0 4 2
0 10 1
0 4 1
0 6 0
1 6 0
1 7 0
1 5 0
1 8 0
1 17 0
0 13 2
0 2 0
0 13 0
0 8 0
0 7 0
0 12 0
1 20 0
1 14 0
1 11 0
1 2 0
1 17 0
1 12 0
35
1 19 0
0 7 0
0 17 1
0 16 0
0 14 0
1 11 0
1 19 0
0 11 0
0 15 0
0 14 0
1 5 0
0 1 0
0 8 2
0 12 0
1 2 1
1 0 2
0 2 0
0 0 0
0 3 0
0 5 0
0 2 0
0 12 0
1 12 0
1 11 0
1 8 1
0 18 0
1 9 0
0 5 0
0 5 0
1 0 0
0 5 0
0 10 0
1 11 0
1 4 0
1 19 0
37
0 4 0
0 2 0
1 5 0
1 20 0
1 1 0
1 10 0
0 12 0
1 6 1
0 1 0
0 12 0
1 3 0
1 17 1
0 13 0
0 3 0
1 12 0
1 4 1
0 2 0
0 4 0
1 16 0
1 20 1
1 8 0
1 18 0
1 10 0
0 19 0
1 11 2
1 17 1
1 4 0
1 1 0
0 7 2
1 9 0
1 11 0
0 0 0
0 0 0
1 5 0
1 13 0
0 16 2
1 17 0
43
0 11 0
0 20 0
0 14 0
1 6 0
1 1 0
1 9 0
1 20 0
0 15 2
1 20 0
1 8 0
1 18 3
1 7 0
0 17 0
1 13 1
1 1 1
1 12 0
1 9 0
1 5 1
1 2 0
0 16 0
0 20 0
1 7 0
1 13 1
0 10 0
1 18 0
0 20 3
0 16 0
0 1 0
0 5 2
1 13 0
0 20 1
1 19 1
1 6 0
0 11 0
0 10 1
1 2 0
0 13 0
1 3 0
1 7 0
1 8 0
0 3 1
1 12 0
1 10 0
47
1 17 1
0 3 0
1 2 2
0 7 0
0 3 0
0 8 0
1 19 0
1 9 2
0 11 0
1 16 0
0 19 0
0 12 0
0 16 0
1 6 3
1 19 2
0 7 1
1 3 0
1 19 0
1 0 0
0 14 0
0 17 1
0 4 0
0 19 1
0 8 1
1 20 0
0 6 0
1 10 0
1 5 3
0 3 1
1 3 0
1 7 0
1 8 3
0 0 0
1 18 0
1 14 0
0 2 0
0 18 0
0 5 0
1 19 1
1 11 0
1 1 0
1 10 0
1 15 0
0 19 0
1 19 0
1 0 0
1 15 0
33
1 1 0
0 5 3
0 3 0
0 15 0
1 4 0
0 9 1
1 18 0
1 11 0
0 9 0
0 15 1
0 1 0
1 11 0
0 20 2
1 19 0
1 1 2
0 3 0
1 13 0
1 18 1
0 15 0
0 7 0
1 11 0
0 20 0
0 9 1
1 2 1
0 11 0
0 18 1
0 19 0
1 1 0
0 18 0
0 9 0
1 2 0
0 8 0
0 9 0
51
0 6 1
1 1 0
0 3 0
1 19 1
0 0 0
0 13 0
1 4 0
1 3 1
0 7 0
1 14 0
1 18 1
0 15 0
0 13 0
1 6 1
0 0 0
0 5 0
0 9 0
1 3 0
0 14 0
1 3 0
1 8 0
1 20 0
1 17 0
0 1 0
0 15 2
0 14 0
0 17 0
0 19 0
0 1 0
0 18 0
1 7 0
1 7 0
0 14 0
1 10 0
0 7 0
0 18 0
1 8 0
1 1 0
1 12 0
1 4 0
1 3 0
0 11 0
1 5 0
0 19 0
1 3 1
1 18 0
1 17 0
0 1 0
0 14 0
0 13 0
0 4 0
29
1 18 0
0 11 0
1 20 0
0 8 0
0 13 1
1 6 1
1 17 0
1 9 1
0 17 0
1 11 1
1 14 1
0 10 0
1 5 0
1 13 0
1 10 0
1 9 0
1 5 0
1 14 0
1 15 0
0 20 0
1 9 0
0 16 0
1 10 0
0 8 0
1 5 0
1 12 0
0 8 0
0 9 0
1 9 0
43
1 0 0
1 0 0
1 9 1
1 1 0
1 17 0
0 3 1
0 12 0
0 9 0
1 10 0
0 20 0
1 18 0
0 4 0
1 3 0
1 12 0
0 20 0
0 6 0
1 19 0
1 14 0
0 8 0
0 20 0
1 19 0
0 19 0
1 2 0
0 5 0
1 15 0
1 17 2
0 0 1
1 16 0
1 2 0
1 7 0
1 16 0
1 12 1
1 15 0
1 0 0
1 11 0
0 3 0
0 5 0
0 3 0
0 4 0
1 12 0
0 14 0
1 5 2
1 15 0
37
0 4 0
0 3 0
0 3 0
0 17 0
1 16 0
0 15 0
1 2 0
1 7 0
1 19 0
1 12 0
1 15 0
0 2 0
0 3 0
1 3 0
0 13 1
1 5 0
0 18 0
1 2 1
0 15 0
0 8 0
0 16 0
0 7 0
0 2 0
0 9 1
0 17 0
0 20 1
1 9 0
1 18 0
1 17 0
0 7 0
1 14 0
1 10 0
0 0 1
1 18 0
0 13 0
0 6 0
0 5 0
27
0 20 1
1 6 0
0 3 1
1 7 1
0 3 0
0 7 0
1 16 0
0 9 0
1 7 0
0 7 0
0 1 0
1 10 0
0 16 0
1 20 0
1 2 1
0 2 0
0 3 0
1 16 0
1 10 0
1 11 0
1 1 0
0 19 1
0 20 0
1 14 0
1 2 0
0 0 0
1 19 0
53
1 1 0
0 3 0
0 15 0
0 14 0
0 18 0
1 1 0
1 2 0
0 4 0
1 6 0
0 13 2
0 9 0
1 11 0
0 19 0
0 14 0
1 8 0
1 10 1
0 14 0
0 10 1
0 2 0
0 10 1
1 11 0
0 12 0
0 1 0
1 3 0
0 11 0
1 11 0
1 3 0
1 0 0
1 3 0
0 20 0
0 20 0
0 12 0
1 6 0
1 20 1
0 16 0
1 6 0
1 14 0
0 9 0
1 10 0
1 4 0
0 16 0
1 10 0
0 13 0
1 19 0
1 12 0
1 4 0
1 12 0
1 10 0
1 16 0
1 13 3
0 9 0
0 11 0
1 19 1
4
1 4 0
0 11 1
1 19 0
0 11 1
76
1 19 0
0 10 1
0 13 1
1 9 2
0 15 0
1 15 0
0 10 0
0 6 0
1 5 0
1 20 0
1 12 0
0 4 0
0 9 0
1 19 0
0 0 0
0 5 0
0 7 0
1 12 0
0 8 0
1 8 0
1 15 0
0 11 0
0 19 0
0 17 0
1 13 0
0 11 0
0 2 0
0 8 0
0 5 0
0 17 0
1 2 0
0 2 0
1 9 0
1 6 0
1 6 0
1 7 1
0 19 0
0 1 0
1 11 0
1 17 1
0 9 0
1 17 0
1 0 0
1 10 0
1 1 0
1 9 0
1 18 0
1 18 0
1 6 0
0 14 3
0 17 0
0 13 0
0 18 1
1 2 0
1 12 4
1 1 1
0 13 0
1 9 0
1 0 0
1 10 0
0 13 2
0 10 0
0 8 0
1 11 0
0 3 0
0 6 1
0 16 0
0 15 2
1 9 1
1 1 0
0 7 0
1 6 0
1 12 2
0 15 0
0 3 0
1 17 0
63
1 17 2
1 13 0
1 5 0
0 7 1
0 5 0
1 1 0
0 19 0
1 5 0
1 9 0
1 2 0
1 8 0
1 12 0
1 0 0
1 4 1
0 8 0
1 19 1
0 14 0
1 6 0
0 7 0
0 12 0
0 1 0
1 6 0
1 5 0
0 9 0
1 7 0
1 3 0
1 1 0
1 3 0
1 10 1
0 16 0
1 19 0
0 11 0
0 20 0
0 19 0
0 0 0
0 15 0
0 18 0
1 3 0
0 8 0
0 15 0
1 13 0
1 19 0
0 0 0
0 2 0
0 5 3
0 12 0
0 12 0
0 11 0
1 20 0
0 4 0
1 16 0
0 10 0
1 5 0
1 11 0
0 13 1
0 15 0
0 14 2
0 10 2
0 4 0
0 11 0
0 3 0
1 3 0
0 9 0
17
0 2 0
1 12 0
0 0 2
1 16 0
1 17 0
0 16 0
1 10 1
1 3 3
1 3 0
0 5 1
1 11 0
1 5 0
1 11 0
1 14 0
1 12 0
1 1 0
1 17 1
49
0 13 0
1 10 0
1 11 0
0 15 0
0 3 0
1 5 0
1 7 0
1 15 0
0 4 0
1 5 1
0 18 1
1 16 0
1 12 0
0 16 0
0 5 0
1 3 2
1 17 0
0 16 0
1 18 0
0 5 0
0 17 0
1 16 0
0 18 0
1 12 0
0 15 0
1 15 0
1 0 0
1 12 0
1 8 1
1 3 0
1 8 0
1 19 0
1 8 0
1 6 0
0 13 0
1 19 0
0 14 0
0 13 0
1 7 0
1 2 0
0 0 0
1 13 1
1 9 0
0 3 0
0 1 0
0 16 0
0 12 0
1 5 1
1 6 0
31
0 5 0
1 8 0
1 20 0
0 9 2
0 15 0
0 2 0
1 14 0
0 16 0
1 7 1
0 15 0
1 16 0
0 18 0
0 9 0
1 13 0
1 10 0
1 14 0
0 17 0
1 1 0
1 8 0
0 0 0
1 8 1
0 7 0
0 20 0
1 16 0
1 11 0
0 10 0
1 12 0
1 1 0
1 18 0
1 14 0
1 6 0
53
0 13 0
1 17 0
1 9 0
1 18 0
0 20 0
1 12 0
0 2 0
1 13 0
1 3 0
0 20 1
1 5 0
1 11 0
0 4 0
1 13 0
0 20 0
0 13 0
1 6 0
1 4 0
0 10 0
0 19 0
1 1 0
0 4 0
0 10 1
0 0 0
0 4 0
0 13 0
1 16 0
0 20 0
0 1 1
1 11 0
1 11 0
0 14 0
0 13 0
1 3 0
1 5 0
1 4 0
1 20 0
1 7 2
0 10 0
1 4 0
0 1 0
0 10 0
0 3 0
0 8 1
0 17 0
1 1 1
0 0 2
1 13 0
0 9 0
1 19 0
1 16 0
1 5 0
1 0 1
27
0 15 0
0 4 0
1 15 0
0 9 0
0 12 0
1 0 1
1 17 0
0 10 0
0 6 0
1 12 0
1 20 1
0 0 0
1 7 0
0 2 0
1 18 0
1 14 0
1 0 0
0 11 0
1 17 0
0 5 0
0 16 0
0 20 1
0 5 1
1 18 1
0 6 2
1 12 1
0 1 0
10
1 20 20
1 20 20
1 20 20
1 20 20
1 20 20
1 20 20
1 20 20
1 20 20
1 20 20
1 20 20
70
1 20 20
1 20 20
1 20 20
1 20 20
1 20 20
1 20 20
1 20 20
1 20 20
1 20 20
1 20 20
1 20 20
1 20 20
1 20 20
1 20 20
1 20 20
1 20 20
1 20 20
1 20 20
1 20 20
1 20 20
1 20 20
1 20 20
1 20 20
1 20 20
1 20 20
1 20 20
1 20 20
1 20 20
1 20 20
1 20 20
1 20 20
1 20 20
1 20 20
1 20 20
1 20 20
1 20 20
1 20 20
1 20 20
1 20 20
1 20 20
1 20 20
1 20 20
1 20 20
1 20 20
1 20 20
1 20 20
1 20 20
1 20 20
1 20 20
1 20 20
1 20 20
1 20 20
1 20 20
1 20 20
1 20 20
1 20 20
1 20 20
1 20 20
1 20 20
1 20 20
1 20 20
1 20 20
1 20 20
1 20 20
1 20 20
1 20 20
1 20 20
1 20 20
1 20 20
1 20 20
62
0 20 0
1 7 0
0 13 0
0 16 0
1 9 1
1 0 1
0 5 1
0 8 0
1 18 0
1 3 0
0 2 0
0 8 1
0 9 1
1 5 0
0 15 0
1 16 0
1 3 0
1 18 1
1 5 1
0 0 0
1 15 0
0 17 0
1 16 0
1 4 0
1 6 0
1 13 0
1 11 0
1 16 2
0 4 0
1 12 0
1 1 0
1 14 0
1 9 2
0 5 0
1 16 0
1 17 0
0 8 0
1 16 0
0 16 0
1 1 0
0 13 0
0 5 0
1 2 1
1 6 0
0 0 0
1 5 1
1 4 0
0 18 0
1 1 0
1 6 1
0 18 0
0 6 0
1 1 0
0 18 0
0 0 0
0 19 0
1 19 0
0 8 1
1 1 0
0 4 0
1 3 0
1 2 0
18
1 9 1
1 20 0
0 3 1
1 12 0
0 3 2
1 16 0
1 2 0
0 12 0
1 1 0
1 12 0
1 0 0
1 12 0
1 11 0
0 14 0
0 7 0
0 17 2
1 0 0
0 2 0
5
0 20 20
0 20 20
1 20 20
1 20 20
1 20 20
75
1 20 0
0 20 0
1 20 0
1 20 0
1 20 0
1 20 0
0 20 0
0 20 0
0 20 0
1 20 0
1 20 0
1 20 0
1 20 0
1 20 0
1 20 0
0 20 0
1 20 0
1 20 0
0 20 0
0 20 0
0 20 0
1 20 0
0 20 0
0 20 0
0 20 0
0 20 0
0 20 0
1 20 0
1 20 0
0 20 0
0 20 0
1 20 0
0 20 0
0 20 0
1 20 0
1 20 0
0 20 0
1 20 0
0 20 0
0 20 0
1 20 0
1 20 0
0 20 0
0 20 0
1 20 0
0 20 0
0 20 0
1 20 0
0 20 0
1 20 0
0 20 0
1 20 0
0 20 0
0 20 0
0 20 0
1 20 0
1 20 0
1 20 0
1 20 0
1 20 0
0 20 0
1 20 0
0 20 0
1 20 0
0 20 0
1 20 0
0 20 0
0 20 0
1 20 0
0 20 0
0 20 0
1 20 0
1 20 0
0 20 0
1 20 0
53
0 9 0
1 5 0
1 0 0
1 16 0
0 14 0
0 6 0
1 14 0
1 5 0
0 9 0
1 4 2
1 17 0
1 7 0
1 19 0
1 7 0
0 15 1
0 14 0
0 14 0
0 10 0
1 12 0
0 3 0
0 6 0
0 11 0
1 1 0
1 16 0
0 6 0
1 16 0
0 11 0
0 8 0
1 5 1
0 20 0
1 1 2
1 10 0
0 19 0
0 12 0
0 9 0
0 7 1
0 8 1
1 11 0
0 10 2
0 17 0
1 0 0
1 5 0
1 9 0
0 19 0
0 11 0
1 16 0
1 12 0
1 11 0
0 2 0
1 4 0
0 0 0
1 17 1
1 4 0
27
0 19 0
0 15 0
0 3 0
1 13 0
0 16 0
0 0 2
1 15 0
1 9 2
0 12 0
1 19 0
1 14 0
1 15 0
1 9 0
0 11 0
1 3 0
0 20 0
1 10 0
1 0 0
1 3 1
0 8 2
0 1 0
1 14 0
0 9 0
0 19 0
0 19 2
1 13 1
1 14 1
31
1 6 0
1 20 1
1 1 1
0 19 0
0 4 0
0 6 2
1 1 0
0 9 0
0 20 0
1 13 0
0 0 1
0 1 0
1 16 2
0 3 0
0 6 2
0 3 0
1 7 0
0 16 0
0 10 0
1 1 0
0 15 0
1 7 0
1 6 0
0 18 0
1 9 0
1 6 0
1 20 1
1 18 0
0 11 0
0 18 1
1 3 0
49
0 7 2
1 0 0
1 1 0
0 13 0
1 16 2
0 15 0
1 0 1
0 14 0
0 2 0
0 12 0
1 13 0
1 15 0
0 3 0
0 11 1
0 9 1
0 13 1
1 19 0
0 12 0
1 10 0
1 9 0
1 18 0
1 14 0
1 17 0
1 9 0
1 16 0
0 8 0
0 10 0
0 2 0
1 16 0
1 19 0
0 10 2
0 20 0
1 18 0
0 8 0
0 14 1
0 15 2
0 1 0
1 8 0
1 2 0
1 6 0
1 11 0
0 9 0
1 15 0
0 13 0
1 10 0
1 20 1
1 17 0
0 12 0
0 19 0
51
0 15 0
1 19 0
1 2 0
1 5 0
1 1 0
0 1 0
0 6 0
0 12 0
1 3 0
0 3 0
1 17 0
0 20 0
1 3 1
0 12 1
0 18 1
1 6 0
1 11 0
1 14 0
1 1 0
0 20 1
0 12 0
1 14 0
0 19 0
0 15 0
0 16 0
1 15 0
0 3 0
1 7 0
1 11 0
0 8 0
0 4 0
1 7 0
0 16 0
1 7 0
1 13 0
1 16 0
1 3 0
0 20 0
0 12 1
0 20 0
0 4 0
0 13 0
0 1 3
1 0 0
1 4 0
1 6 0
1 1 0
1 14 0
1 9 0
0 16 0
1 17 2
29
1 4 0
0 13 0
0 0 0
1 20 0
0 1 0
1 15 0
1 20 0
1 3 0
1 8 0
0 4 0
0 15 1
0 10 2
1 18 0
0 11 0
0 19 0
1 15 0
1 3 0
0 5 0
1 8 0
1 1 0
0 16 1
0 18 0
0 16 0
1 14 1
0 9 0
1 9 0
1 5 0
0 1 0
1 19 0
68
0 7 0
1 3 0
1 14 0
0 10 0
0 20 0
0 19 0
1 3 0
0 2 0
0 0 0
0 17 0
1 20 0
1 5 0
0 18 0
1 13 1
1 3 1
0 14 0
0 18 0
0 8 0
0 19 1
0 9 0
1 9 0
1 4 1
1 15 0
0 9 0
1 6 0
1 9 0
0 11 0
0 6 0
0 7 0
0 20 0
0 6 1
0 19 0
1 2 1
1 7 0
0 8 1
1 5 0
1 10 0
0 9 0
0 9 2
0 5 0
0 20 0
0 9 1
1 7 0
1 3 0
1 15 0
0 11 1
1 17 0
1 20 0
0 1 0
1 1 2
1 19 1
0 17 0
0 7 0
1 17 1
1 18 0
1 8 0
1 11 0
1 12 0
0 4 0
1 2 0
1 8 0
1 4 1
1 18 0
1 7 0
1 6 2
0 20 0
1 20 0
0 14 0
12
0 12 1
1 0 0
0 9 2
1 4 0
1 16 1
1 14 0
0 14 0
0 0 0
0 20 1
1 1 0
1 14 0
0 1 0
46
0 9 0
1 5 0
0 11 1
0 18 2
0 16 0
0 10 0
0 10 0
0 1 1
0 16 2
1 9 0
0 20 1
0 13 0
1 15 0
1 16 1
1 12 0
0 8 0
1 3 2
0 13 0
0 14 0
1 6 1
1 1 1
1 20 1
1 6 0
1 14 0
1 13 0
0 15 0
0 8 0
0 1 0
1 16 0
1 10 0
1 10 0
0 4 0
0 16 0
0 2 0
1 12 1
1 5 0
1 15 0
1 2 1
0 15 0
1 16 0
0 11 0
1 16 0
0 16 1
0 1 0
1 6 0
1 17 0
34
0 3 0
1 19 0
0 6 0
1 12 0
1 0 3
1 10 0
0 14 0
1 15 1
1 11 0
0 3 0
0 4 0
1 13 1
0 6 1
1 8 1
1 11 1
0 2 2
0 5 0
0 9 0
0 1 0
0 0 0
0 9 0
1 1 0
1 6 0
0 18 0
1 17 0
1 20 1
1 5 0
0 10 0
1 5 0
0 5 0
0 18 0
1 8 0
0 4 0
1 9 0
6
1 15 0
1 13 0
0 18 0
0 9 0
0 13 0
0 18 1
74
0 1 1
0 16 0
0 11 0
1 19 0
1 9 0
1 13 0
1 12 0
1 16 0
0 6 0
0 17 0
1 15 0
1 1 0
0 6 0
1 7 0
1 6 0
0 15 0
1 17 0
0 7 0
0 4 0
1 20 0
0 20 1
1 9 0
1 2 0
1 4 0
0 3 2
0 2 0
0 19 0
1 11 0
1 20 1
1 5 0
1 5 0
1 19 0
0 6 0
0 4 0
1 7 1
1 18 0
1 18 0
0 10 0
0 4 0
1 3 0
0 20 0
0 8 0
0 7 0
0 11 0
1 14 0
0 19 0
1 16 0
0 10 0
0 5 0
0 5 0
0 5 0
1 0 0
1 0 0
1 17 0
0 12 0
1 17 0
0 19 0
0 11 0
0 17 0
1 8 0
0 8 1
0 12 0
0 5 0
1 18 0
0 6 0
1 0 1
1 15 0
0 14 0
1 5 0
1 3 0
1 2 1
0 12 0
1 15 1
0 16 0
20
0 20 20
1 20 20
1 20 20
0 20 20
1 20 20
0 20 20
0 20 20
0 20 20
1 20 20
1 20 20
0 20 20
0 20 20
1 20 20
1 20 20
0 20 20
0 20 20
0 20 20
0 20 20
1 20 20
1 20 20
60
0 20 20
0 20 20
0 20 20
1 20 20
1 20 20
1 20 20
1 20 20
1 20 20
1 20 20
1 20 20
0 20 20
0 20 20
0 20 20
0 20 20
0 20 20
1 20 20
1 20 20
1 20 20
1 20 20
0 20 20
0 20 20
1 20 20
0 20 20
1 20 20
1 20 20
1 20 20
1 20 20
1 20 20
1 20 20
1 20 20
1 20 20
1 20 20
1 20 20
0 20 20
0 20 20
0 20 20
0 20 20
1 20 20
0 20 20
1 20 20
1 20 20
1 20 20
1 20 20
0 20 20
1 20 20
1 20 20
0 20 20
1 20 20
1 20 20
0 20 20
1 20 20
1 20 20
0 20 20
1 20 20
1 20 20
1 20 20
1 20 20
1 20 20
0 20 20
1 20 20
20
0 1 1
1 11 0
1 19 1
0 12 1
0 2 0
1 2 0
1 16 0
0 9 1
0 18 0
1 20 0
1 10 0
0 4 0
0 17 1
0 18 0
1 15 0
0 14 0
0 7 1
1 18 0
0 8 0
0 7 0
60
1 16 0
1 10 0
0 18 1
1 2 0
0 7 0
0 10 0
1 12 1
0 19 0
0 14 0
1 9 1
0 4 0
1 3 1
0 18 0
0 11 0
1 13 0
1 17 0
0 6 1
0 9 0
0 14 2
0 14 1
1 10 0
0 4 0
1 4 0
0 4 0
0 10 1
1 7 0
1 0 0
0 1 0
1 11 0
0 16 0
0 11 0
1 9 0
0 8 1
0 9 0
0 13 1
0 16 0
1 4 0
1 6 0
1 1 0
0 10 0
1 6 0
1 17 0
1 10 0
1 16 0
0 19 0
1 17 0
1 19 0
1 19 0
0 14 2
0 1 0
1 5 0
0 14 2
1 2 0
0 8 0
0 5 0
1 13 1
1 14 1
1 14 0
1 7 0
0 15 0
22
0 20 2
0 2 0
1 15 0
1 4 0
0 13 0
0 7 0
0 5 0
1 10 0
0 18 0
1 7 0
1 7 0
1 12 0
1 9 0
1 13 0
1 8 0
1 12 0
0 4 1
1 13 0
1 12 0
0 10 0
1 3 0
0 0 1
58
1 14 0
1 3 0
1 10 0
1 16 0
1 2 0
1 7 0
0 13 0
1 4 2
1 15 0
1 16 3
0 3 2
1 19 0
1 6 0
0 16 0
0 8 1
1 12 0
1 0 0
0 6 0
0 7 0
0 4 0
0 10 1
1 2 0
1 9 2
1 13 0
1 10 0
1 12 0
0 16 1
1 16 0
1 11 0
1 5 0
0 6 0
1 2 0
0 4 0
1 3 0
1 7 1
0 6 0
0 14 0
1 13 0
1 6 2
0 15 0
1 20 0
1 5 0
1 13 0
0 0 0
0 2 0
1 14 0
0 13 0
0 15 0
0 6 0
1 12 0
1 17 0
0 7 1
1 16 0
1 3 0
0 7 1
0 5 0
1 10 0
0 7 0
78
1 18 0
1 0 0
1 3 0
0 18 0
1 8 0
1 20 0
1 1 0
1 17 1
1 16 0
1 6 0
1 1 0
0 20 0
0 20 0
0 0 1
1 9 0
0 5 1
0 7 0
0 11 0
0 18 0
1 0 0
0 19 0
0 5 0
1 11 0
1 5 0
1 17 0
0 7 0
0 10 0
0 13 0
0 6 0
1 12 0
1 18 0
1 9 0
1 10 3
0 19 0
0 5 0
0 14 0
1 14 0
0 20 1
1 13 0
1 20 0
0 3 0
0 7 0
0 11 0
1 0 0
1 12 0
1 19 0
0 5 0
0 18 0
1 1 0
1 16 3
1 8 0
0 11 0
1 20 0
0 18 0
0 15 0
1 13 1
1 5 0
1 4 0
1 1 0
1 9 0
1 4 0
0 17 1
1 11 0
1 6 0
0 13 0
0 7 0
0 13 1
0 11 0
1 10 0
1 14 1
0 16 1
1 2 0
0 6 0
0 1 0
0 13 1
0 18 0
1 3 1
0 2 0
2
0 16 1
0 19 0
15
1 20 20
1 20 20
1 20 20
0 20 20
1 20 20
1 20 20
0 20 20
1 20 20
0 20 20
0 20 20
0 20 20
0 20 20
0 20 20
1 20 20
1 20 20
65
1 20 20
0 20 20
1 20 20
0 20 20
0 20 20
1 20 20
0 20 20
1 20 20
0 20 20
0 20 20
1 20 20
1 20 20
1 20 20
0 20 20
1 20 20
1 20 20
1 20 20
1 20 20
0 20 20
1 20 20
1 20 20
1 20 20
1 20 20
0 20 20
1 20 20
0 20 20
1 20 20
0 20 20
0 20 20
1 20 20
0 20 20
1 20 20
1 20 20
0 20 20
1 20 20
0 20 20
0 20 20
1 20 20
0 20 20
1 20 20
0 20 20
0 20 20
0 20 20
0 20 20
0 20 20
0 20 20
0 20 20
1 20 20
1 20 20
1 20 20
1 20 20
1 20 20
0 20 20
0 20 20
0 20 20
0 20 20
0 20 20
0 20 20
1 20 20
1 20 20
1 20 20
0 20 20
0 20 20
0 20 20
0 20 20
80
1 20 20
1 20 20
0 20 20
1 20 20
0 20 20
1 20 20
0 20 20
1 20 20
1 20 20
1 20 20
0 20 20
1 20 20
0 20 20
0 20 20
0 20 20
0 20 20
1 20 20
1 20 20
1 20 20
1 20 20
1 20 20
1 20 20
1 20 20
0 20 20
0 20 20
1 20 20
0 20 20
1 20 20
1 20 20
0 20 20
1 20 20
0 20 20
1 20 20
1 20 20
1 20 20
0 20 20
1 20 20
0 20 20
0 20 20
1 20 20
0 20 20
0 20 20
1 20 20
0 20 20
1 20 20
1 20 20
1 20 20
0 20 20
1 20 20
1 20 20
1 20 20
1 20 20
0 20 20
1 20 20
1 20 20
0 20 20
0 20 20
0 20 20
1 20 20
0 20 20
1 20 20
0 20 20
1 20 20
0 20 20
0 20 20
1 20 20
0 20 20
1 20 20
1 20 20
0 20 20
0 20 20
0 20 20
0 20 20
1 20 20
1 20 20
1 20 20
0 20 20
1 20 20
1 20 20
0 20 20
0
15
1 11 1
0 7 0
1 3 0
0 10 1
1 20 3
1 13 1
1 9 0
0 3 1
1 16 0
0 12 1
1 2 0
0 20 0
0 1 0
0 13 0
1 6 0
65
0 2 0
1 2 1
1 2 0
0 12 1
0 11 0
1 18 2
1 7 0
0 1 0
0 14 0
1 5 0
1 19 0
1 6 0
0 16 0
1 16 0
1 9 1
0 8 2
0 16 0
1 15 0
0 14 0
0 6 0
0 1 0
0 10 0
0 14 1
1 6 0
1 11 0
1 10 0
1 2 1
1 1 0
1 8 0
1 14 0
0 13 0
1 2 0
1 16 0
1 1 0
1 3 0
1 18 0
1 17 0
0 16 0
1 3 0
0 4 0
0 13 1
0 6 0
0 1 0
1 15 0
1 13 0
0 5 0
0 14 0
1 19 0
1 3 0
1 19 2
1 0 0
1 11 0
1 20 0
1 0 0
1 7 0
1 11 0
0 9 0
1 19 0
1 10 0
1 16 0
0 5 0
1 20 0
1 12 0
1 5 1
1 11 1
16
0 18 0
0 14 0
1 5 0
1 8 1
1 12 0
0 19 0
0 12 0
0 19 0
0 14 0
0 11 0
0 9 0
1 5 0
1 14 0
0 10 1
0 8 0
0 13 0
64
1 2 0
0 18 0
1 12 0
0 7 0
0 7 0
0 3 0
0 7 1
0 1 1
1 18 0
0 19 1
1 11 0
0 1 3
0 12 0
1 10 0
1 19 0
0 3 0
0 17 0
1 13 0
0 8 2
0 4 0
0 4 0
1 1 0
0 17 0
0 3 0
1 3 0
1 11 0
1 2 0
0 20 0
1 1 0
1 18 0
1 6 0
1 18 0
1 6 0
0 5 1
1 14 0
1 19 1
0 9 0
1 7 0
0 19 0
0 16 1
1 5 0
0 11 0
1 18 3
0 7 0
1 19 0
1 18 0
1 20 0
1 16 0
1 5 0
0 3 1
1 12 0
0 9 0
0 3 0
1 16 0
1 8 0
1 4 0
0 20 0
1 16 0
1 12 0
0 5 1
1 9 0
1 16 0
1 12 0
1 6 0
25
0 20 20
0 20 20
0 20 20
1 20 20
1 20 20
1 20 20
1 20 20
0 20 20
1 20 20
1 20 20
0 20 20
0 20 20
1 20 20
0 20 20
0 20 20
0 20 20
0 20 20
0 20 20
0 20 20
0 20 20
1 20 20
0 20 20
0 20 20
0 20 20
0 20 20
55
1 20 20
0 20 20
1 20 20
1 20 20
1 20 20
1 20 20
0 20 20
0 20 20
0 20 20
0 20 20
0 20 20
1 20 20
0 20 20
0 20 20
1 20 20
1 20 20
1 20 20
0 20 20
0 20 20
0 20 20
0 20 20
1 20 20
0 20 20
0 20 20
1 20 20
0 20 20
0 20 20
1 20 20
1 20 20
1 20 20
1 20 20
1 20 20
0 20 20
0 20 20
1 20 20
1 20 20
0 20 20
0 20 20
0 20 20
0 20 20
1 20 20
1 20 20
0 20 20
1 20 20
0 20 20
0 20 20
1 20 20
0 20 20
1 20 20
0 20 20
0 20 20
1 20 20
0 20 20
1 20 20
1 20 20
54
0 16 0
0 12 0
0 9 0
0 8 0
0 17 0
0 1 0
0 6 0
0 3 0
1 5 0
1 10 0
0 1 0
0 12 0
0 17 0
1 11 0
0 8 0
1 17 0
0 10 0
1 10 0
0 8 0
0 10 0
0 9 0
0 1 0
1 20 0
0 12 0
1 13 0
1 7 0
0 20 0
0 15 0
0 14 0
1 18 0
0 11 0
0 11 0
1 3 0
0 8 0
1 17 0
0 8 1
1 6 0
1 10 0
0 1 0
0 12 0
1 2 1
0 14 0
1 17 0
0 19 0
0 7 0
1 4 0
1 6 0
1 13 0
1 0 0
0 20 0
1 10 0
1 20 0
0 2 0
0 10 0
26
0 0 0
0 12 1
1 15 1
0 17 0
1 18 0
0 18 0
0 5 0
0 8 0
1 12 0
0 17 0
0 13 0
1 15 1
0 19 0
0 13 0
0 2 0
0 18 0
1 3 0
1 7 0
1 12 0
1 2 0
0 15 0
1 10 0
1 19 0
0 15 0
0 10 0
0 3 0
52
0 6 0
0 13 2
0 20 0
1 6 0
1 13 1
0 12 0
1 18 0
1 15 0
1 17 1
0 2 2
1 13 0
1 16 0
1 8 0
0 9 0
1 0 0
0 15 1
0 18 0
1 3 0
1 19 0
0 19 0
1 2 0
1 0 2
0 10 0
1 13 0
1 20 1
1 2 1
1 11 0
1 5 0
0 13 1
1 19 0
1 10 2
1 19 0
0 16 0
1 7 0
1 5 0
0 0 0
1 20 0
0 4 0
0 2 0
1 12 0
0 3 2
0 6 0
0 1 0
1 20 0
1 7 0
1 10 0
1 1 2
1 19 0
1 6 1
1 9 0
0 17 0
1 4 0
28
1 0 0
1 0 0
0 20 3
1 1 0
0 12 2
1 12 1
0 20 2
0 19 0
0 11 0
1 2 0
1 13 0
1 12 0
0 18 4
1 9 0
1 4 0
1 12 1
0 20 0
1 8 0
0 11 1
1 10 0
0 13 0
0 15 0
1 9 0
1 3 0
1 3 1
0 1 1
1 6 0
0 3 1
76
0 11 1
0 10 0
1 16 0
0 19 0
1 18 0
0 14 0
0 13 0
0 11 1
0 14 0
1 7 0
0 3 2
1 18 0
0 0 0
1 12 0
1 6 0
1 0 0
1 9 0
0 15 1
1 10 0
1 16 0
0 11 1
0 18 3
0 9 0
1 17 3
1 12 0
1 13 0
1 1 0
1 14 1
1 2 0
0 13 0
1 9 0
1 16 0
1 10 0
0 0 0
0 18 0
0 0 1
1 9 1
0 10 0
1 17 0
1 12 0
0 10 0
1 5 0
1 2 0
0 5 0
1 6 1
0 2 0
1 20 0
0 11 0
1 7 0
1 14 0
1 8 0
0 0 1
1 0 0
1 17 1
0 3 0
0 9 0
1 17 1
0 1 1
0 5 1
0 18 0
1 16 0
1 0 0
1 6 0
0 14 0
1 4 0
1 19 0
0 14 0
0 6 0
0 15 0
1 16 0
0 12 0
1 4 0
0 6 0
1 1 2
0 14 0
1 11 0
4
0 10 0
0 20 0
1 14 0
0 18 0
66
0 20 0
0 16 0
1 4 0
0 20 0
1 4 0
1 18 0
0 18 0
0 1 0
1 16 0
1 19 0
0 14 2
0 7 0
0 9 0
1 19 0
0 15 2
1 4 0
1 1 0
1 13 0
0 10 0
1 13 0
1 4 0
0 15 1
1 7 0
1 15 0
1 13 0
1 12 2
0 18 0
1 17 0
0 8 2
1 0 2
0 0 0
0 16 0
0 6 0
1 3 1
1 6 1
1 12 0
1 3 0
0 12 0
1 17 0
1 7 0
1 8 0
1 15 1
0 16 0
0 17 0
1 14 1
1 12 0
1 18 0
0 1 0
0 11 0
1 7 0
1 3 0
1 14 1
1 11 0
0 10 1
1 0 0
0 6 0
0 9 0
1 3 0
0 8 2
0 7 2
1 6 0
1 19 0
0 3 0
0 2 1
0 17 0
1 18 0
14
0 18 0
0 14 0
0 7 0
1 20 0
1 19 0
0 18 0
0 16 2
0 16 0
1 17 0
0 15 0
1 17 2
1 13 1
1 5 0
1 10 0
33
1 16 1
1 8 0
0 11 0
0 9 1
1 20 0
0 9 2
0 15 0
0 0 0
1 3 0
0 17 0
0 5 0
1 5 0
0 18 0
0 10 0
1 17 0
1 17 0
0 9 0
0 10 0
1 15 0
0 12 0
0 9 0
1 16 0
1 5 0
1 7 0
1 9 0
0 10 3
0 5 0
1 20 0
0 7 0
0 9 0
0 15 0
0 0 0
1 13 0
47
1 12 0
1 11 0
1 7 0
0 3 0
0 7 0
0 5 0
1 5 0
1 8 0
0 6 0
0 6 0
0 0 0
0 16 0
0 3 0
0 5 0
0 10 0
1 14 0
0 8 1
0 16 0
0 0 0
0 5 1
0 13 0
0 18 0
0 0 0
0 18 1
1 15 0
0 16 0
0 10 0
0 2 0
1 1 0
0 9 1
1 9 0
1 10 1
0 4 0
0 15 0
1 18 0
1 4 0
0 2 0
1 1 0
1 1 0
0 10 0
1 15 0
1 8 0
1 20 0
1 12 0
1 19 0
1 7 2
0 11 0
10
1 20 20
0 20 20
1 20 20
0 20 20
0 20 20
1 20 20
0 20 20
0 20 20
1 20 20
1 20 20
70
1 20 20
0 20 20
1 20 20
0 20 20
1 20 20
1 20 20
0 20 20
0 20 20
0 20 20
0 20 20
0 20 20
0 20 20
1 20 20
0 20 20
0 20 20
0 20 20
1 20 20
1 20 20
1 20 20
1 20 20
1 20 20
0 20 20
1 20 20
0 20 20
1 20 20
1 20 20
1 20 20
1 20 20
1 20 20
1 20 20
0 20 20
0 20 20
1 20 20
0 20 20
1 20 20
0 20 20
0 20 20
1 20 20
0 20 20
0 20 20
0 20 20
0 20 20
0 20 20
0 20 20
0 20 20
1 20 20
0 20 20
0 20 20
1 20 20
1 20 20
0 20 20
0 20 20
1 20 20
1 20 20
1 20 20
0 20 20
0 20 20
0 20 20
0 20 20
1 20 20
1 20 20
1 20 20
0 20 20
0 20 20
1 20 20
0 20 20
0 20 20
0 20 20
0 20 20
0 20 20
71
1 15 0
1 17 0
1 19 0
1 1 2
0 1 0
1 13 0
1 7 1
0 5 0
1 10 0
0 7 0
0 10 0
1 5 1
0 8 0
0 7 0
0 17 0
1 7 0
0 12 0
0 2 0
0 18 0
0 0 1
1 10 1
1 5 0
0 20 0
0 7 0
0 17 0
1 19 0
1 20 0
1 18 2
0 6 0
0 1 0
1 16 0
0 9 0
0 13 1
1 13 0
1 5 2
1 17 0
1 18 0
1 1 0
0 11 0
0 4 0
0 18 1
0 10 1
0 0 0
0 12 1
1 20 0
0 15 0
0 1 0
1 12 0
1 3 0
1 10 0
1 14 0
0 8 0
1 10 0
1 9 0
0 10 1
0 3 0
0 1 0
0 12 1
0 5 1
1 15 0
0 2 0
1 10 0
0 13 0
1 0 0
0 13 0
0 1 0
0 11 0
1 1 0
1 5 0
0 1 0
1 9 2
9
1 0 0
1 1 0
0 7 0
1 12 1
0 17 0
0 7 1
1 4 0
0 16 0
0 12 0
73
0 13 0
0 12 0
0 18 0
1 2 0
0 4 0
1 10 0
1 2 0
1 15 0
0 1 0
1 2 0
0 11 0
0 20 0
0 7 0
1 20 0
1 1 0
0 3 0
0 6 0
1 9 0
0 8 0
1 6 0
1 5 3
0 12 0
0 20 0
0 4 0
1 8 0
0 4 0
1 11 0
0 9 0
1 0 0
0 14 0
1 2 1
1 2 0
0 10 1
1 14 1
1 7 0
1 5 0
1 5 0
0 9 2
0 3 0
1 17 1
1 5 0
1 17 1
1 3 0
1 2 0
1 15 0
1 13 0
0 4 0
0 0 0
0 20 0
1 11 0
1 6 2
0 6 0
0 17 0
0 13 0
1 15 0
1 7 0
1 10 0
0 1 0
1 18 0
0 4 0
0 6 1
0 14 0
1 0 0
1 11 0
0 4 1
1 18 0
1 7 0
1 14 1
1 10 0
0 20 0
1 7 0
0 19 0
1 10 0
7
0 1 0
0 6 0
0 13 0
0 7 0
0 5 0
1 16 0
0 4 0
13
1 19 0
0 18 3
1 12 0
1 18 0
0 15 0
0 10 0
1 8 1
0 18 0
0 5 2
1 17 0
1 2 0
1 16 0
1 8 1
67
0 14 1
1 20 0
1 0 0
0 12 0
0 11 0
1 11 0
1 13 0
1 14 0
0 6 0
1 20 0
1 15 0
1 13 0
1 15 0
1 12 0
1 11 0
1 2 0
1 5 0
0 6 0
0 8 0
1 19 0
1 9 1
0 19 0
0 16 0
1 1 0
0 13 0
0 20 1
0 1 0
1 18 0
1 14 0
1 4 0
0 2 0
1 15 0
1 1 0
1 5 1
0 1 2
0 20 0
0 14 0
1 20 1
0 20 1
0 19 0
0 17 0
0 5 0
0 20 0
1 18 0
1 13 0
0 8 1
0 15 2
0 0 0
1 5 1
1 10 0
0 17 0
1 19 0
0 7 0
1 13 0
0 17 0
1 8 0
0 15 0
1 11 0
1 5 0
1 15 0
1 19 1
1 3 0
0 1 1
0 3 0
1 17 0
0 18 0
0 4 0
62
0 6 0
0 12 0
0 3 1
0 20 0
0 20 0
1 3 0
0 9 0
1 12 2
1 20 1
1 0 0
0 12 0
1 15 0
0 12 0
0 13 1
0 13 0
0 19 0
0 12 0
1 9 0
0 10 0
1 8 1
0 15 0
0 7 2
0 17 0
0 3 0
0 20 0
0 14 0
1 9 0
1 0 0
0 5 0
1 10 1
0 4 0
1 19 0
0 11 0
1 13 1
1 10 0
0 20 0
1 16 0
1 11 2
0 3 0
0 17 0
1 20 0
1 13 1
1 16 0
1 19 1
1 0 0
0 16 0
1 18 0
1 5 0
0 11 0
0 5 1
0 11 0
0 4 0
1 6 0
0 5 0
1 11 0
0 0 2
1 18 0
0 10 1
1 10 0
0 9 0
0 11 1
1 8 0
18
1 1 0
1 0 1
1 5 0
0 12 1
0 15 0
1 7 0
0 12 1
1 14 0
1 10 0
1 3 0
1 16 1
0 8 0
0 19 0
0 4 0
0 15 0
1 10 0
1 15 0
1 15 1
10
0 12 0
0 10 0
0 13 0
1 3 0
0 1 0
1 8 0
0 2 0
0 7 1
0 14 0
0 17 1
70
1 7 0
1 8 0
0 5 2
1 1 0
0 16 0
0 17 0
1 4 0
1 18 1
1 19 0
1 13 0
0 5 1
1 14 0
0 11 0
1 0 1
1 11 0
0 3 0
0 18 1
0 11 1
0 8 1
1 13 0
1 12 0
0 5 0
1 20 0
1 20 1
0 9 1
1 9 2
0 0 0
0 15 0
1 20 1
1 7 0
1 15 1
0 18 0
0 10 0
1 17 0
1 11 0
1 17 1
1 5 0
0 19 0
1 13 1
0 3 0
1 17 0
1 6 1
0 9 0
0 8 0
0 17 0
1 12 0
1 4 0
1 2 0
0 19 0
0 16 1
0 13 0
1 13 2
0 10 0
0 17 0
0 10 0
0 9 0
0 11 0
1 2 2
1 14 0
0 20 0
0 17 1
1 3 0
0 17 0
0 2 0
0 16 0
0 8 0
1 10 0
1 7 0
1 13 0
0 4 0
37
1 13 0
0 18 0
0 2 0
1 8 0
0 3 0
0 6 0
0 2 0
1 2 1
0 4 0
0 5 0
0 10 0
0 18 0
1 17 0
1 14 0
0 16 0
0 19 1
1 19 0
0 18 0
1 16 0
0 17 0
1 15 0
0 7 0
1 6 0
1 6 0
0 2 0
0 3 0
1 20 1
0 19 0
1 6 0
1 19 0
0 0 0
0 6 0
0 15 0
0 11 0
0 16 0
0 0 0
1 13 0
43
1 7 1
0 15 0
1 19 0
0 18 0
0 5 0
0 19 0
0 18 0
0 14 0
1 5 2
0 6 0
1 16 1
0 17 0
1 8 0
0 4 3
0 14 0
0 17 0
0 12 0
1 0 0
1 3 0
0 13 0
1 20 0
0 11 1
1 14 0
1 18 0
1 18 1
1 16 0
0 7 0
1 11 0
1 12 0
1 19 0
1 2 0
0 15 0
0 8 1
0 4 0
1 4 0
0 17 0
1 17 0
1 4 0
1 19 1
0 13 0
1 18 0
0 10 0
1 12 0
26
1 8 0
0 4 0
1 7 0
0 12 1
1 16 0
0 19 0
0 20 0
0 11 0
1 9 0
1 17 0
1 19 1
1 17 0
1 17 0
1 13 0
0 13 0
1 12 0
1 1 0
1 3 0
0 17 0
0 10 0
1 17 0
0 19 1
1 2 0
1 1 0
1 17 0
0 8 1
54
0 19 1
0 6 0
0 13 0
1 8 0
1 13 0
1 19 0
1 15 0
1 15 0
1 5 0
1 12 0
0 7 1
0 12 1
0 1 0
0 0 1
1 13 0
0 10 0
1 8 0
1 6 0
0 0 0
0 15 0
1 3 0
1 15 0
0 8 0
0 9 0
0 7 1
1 0 0
0 7 1
0 14 1
1 5 0
1 14 0
1 17 0
1 20 0
0 14 0
0 0 0
0 6 0
0 20 0
0 14 0
0 9 2
1 1 0
1 14 0
1 5 0
0 1 1
0 9 0
1 15 0
1 1 0
0 6 0
1 8 0
1 1 1
0 9 0
0 7 0
1 16 0
1 5 0
1 10 0
1 5 0
17
1 8 1
0 4 0
1 1 0
1 9 0
0 6 0
0 11 0
1 4 0
0 12 1
1 7 0
1 0 0
1 17 0
1 4 0
0 0 0
0 5 0
0 8 0
1 8 1
0 12 0
63
1 7 0
0 0 1
1 8 0
0 12 0
0 18 0
1 7 0
1 15 0
0 8 1
0 8 2
0 4 0
0 2 0
0 5 1
1 4 0
1 9 0
1 8 2
1 16 0
0 20 0
0 16 0
1 1 0
1 9 0
1 14 0
0 3 0
0 7 0
0 14 0
0 15 0
1 9 0
1 10 0
1 14 1
0 2 0
0 9 0
1 11 0
1 7 0
0 10 1
0 15 0
1 20 0
0 1 0
0 0 0
1 9 1
1 4 0
1 18 1
0 20 0
1 8 2
1 6 0
1 9 0
1 11 0
1 3 1
0 0 0
0 5 1
1 2 1
0 20 0
1 13 0
0 16 0
0 3 0
0 3 1
1 16 0
0 11 0
0 0 0
0 18 0
0 16 0
1 14 0
0 16 2
1 19 0
1 20 0
26
1 20 0
1 12 1
0 10 0
0 10 0
0 10 0
1 5 1
0 7 1
0 4 0
0 15 0
1 17 0
1 0 0
0 1 0
1 0 1
0 18 0
0 18 1
1 8 0
1 20 0
1 9 2
1 17 0
1 18 4
1 18 0
1 13 0
0 11 0
1 4 0
0 2 0
0 12 0
54
1 7 0
1 17 0
1 16 0
1 7 1
0 16 0
1 11 0
1 9 0
0 16 0
1 2 0
0 19 0
1 5 0
0 3 0
1 0 0
1 0 0
0 0 1
0 1 1
0 10 0
1 16 0
0 14 0
0 9 0
1 0 0
1 17 0
1 20 0
1 2 1
0 18 0
0 2 0
1 15 0
1 16 0
0 15 0
0 1 2
1 9 0
0 11 0
0 1 1
1 11 2
1 17 0
1 7 0
1 11 2
0 3 0
0 12 0
1 16 1
0 16 0
1 14 0
1 20 3
1 11 0
0 0 1
0 15 0
0 1 1
1 20 1
0 6 1
0 15 0
1 3 0
0 20 0
1 11 0
1 19 0
72
0 15 0
1 10 0
1 13 1
0 2 0
0 1 0
1 16 0
0 14 0
0 12 0
1 1 0
1 2 0
0 5 0
1 0 0
1 0 0
0 16 0
0 11 0
1 15 0
1 16 1
0 6 0
1 10 0
0 7 0
0 19 0
1 9 0
0 20 0
0 15 0
0 8 1
0 9 1
1 17 0
1 17 1
1 7 0
0 8 0
0 19 0
0 12 0
1 14 0
1 18 0
0 6 0
0 19 1
0 17 0
1 14 0
0 14 0
1 18 0
1 10 0
1 20 0
0 0 0
0 5 0
0 2 0
1 1 0
0 14 0
0 1 3
0 4 0
0 12 0
0 18 0
1 14 1
1 13 0
0 18 0
1 15 0
0 19 0
1 8 0
0 12 2
1 19 0
0 15 0
0 9 0
0 0 0
0 3 0
1 19 0
1 15 2
1 20 1
0 17 0
0 8 0
0 18 1
1 17 1
0 20 0
0 1 0
8
0 12 1
0 16 0
0 7 0
0 5 0
0 7 0
1 5 1
1 9 1
1 8 0
37
1 5 0
0 10 0
1 10 0
0 12 1
0 12 1
0 1 1
0 12 0
1 11 0
0 12 0
0 19 0
1 19 1
1 20 0
1 18 0
1 0 0
1 4 2
0 6 0
1 6 0
0 4 0
1 15 0
1 10 0
1 16 0
0 0 0
1 20 0
1 14 0
1 5 0
0 12 0
0 12 0
1 0 0
0 7 0
0 7 0
1 17 0
0 15 1
0 8 0
0 0 0
0 12 0
1 9 0
1 6 0
43
1 15 0
1 10 0
1 4 2
0 12 0
0 4 1
0 13 0
1 6 0
1 6 0
1 20 0
1 7 0
1 1 0
0 15 0
1 19 1
0 6 1
1 1 0
0 6 1
0 10 0
0 8 0
1 16 0
0 9 0
0 0 0
0 7 1
1 10 0
1 15 0
1 18 0
1 4 0
1 11 0
0 8 0
1 12 0
0 6 0
0 14 0
1 5 0
1 10 1
1 3 0
1 11 0
1 20 0
1 9 0
1 9 2
0 20 0
1 17 0
0 16 0
1 7 0
1 5 0
21
0 15 0
1 0 1
0 3 0
0 17 0
0 0 0
0 19 0
0 20 0
1 3 0
0 16 1
1 7 0
0 11 0
1 13 1
0 7 0
0 1 0
0 3 2
1 3 0
1 4 0
1 13 0
1 6 0
0 20 1
0 6 0
59
1 7 0
1 19 0
1 8 0
0 15 1
1 8 0
1 16 0
1 13 0
1 8 0
0 5 0
0 16 1
0 10 0
0 3 0
1 4 0
1 3 0
1 18 0
0 20 0
1 7 0
0 1 0
0 6 1
0 7 1
1 13 0
0 9 0
1 2 0
1 0 0
0 18 0
0 14 0
1 15 0
1 6 0
1 11 0
0 11 0
0 15 1
0 5 0
0 20 0
1 12 0
1 13 0
0 16 0
1 10 0
0 18 0
1 12 0
1 16 0
1 18 1
1 9 0
0 1 0
1 18 0
0 2 0
1 7 0
0 0 0
1 6 0
1 16 1
1 5 1
0 2 0
1 7 0
1 7 1
1 14 0
0 3 0
1 15 0
0 2 0
1 3 3
0 9 1
15
1 3 0
1 11 0
0 16 0
1 16 0
0 10 0
1 6 0
1 18 0
0 7 0
1 0 0
0 4 0
1 7 0
1 18 1
1 9 2
1 20 1
1 6 0
65
1 15 0
0 4 0
1 0 0
1 6 1
1 7 0
1 8 0
0 8 0
0 0 0
0 17 1
0 10 0
1 12 0
0 12 0
0 7 3
0 0 0
0 14 0
1 11 0
1 5 0
1 7 0
1 9 0
1 10 0
0 4 1
0 7 0
0 5 1
0 2 2
0 12 0
0 9 0
0 20 0
1 11 1
1 0 0
0 3 0
0 0 0
0 7 0
1 18 0
0 7 1
0 20 0
1 16 0
0 7 0
1 6 0
1 5 0
0 8 0
0 4 0
1 20 0
1 1 0
0 6 0
1 4 0
0 8 0
1 0 0
1 1 0
0 7 0
1 11 0
0 14 0
0 5 1
1 2 0
1 1 0
0 2 0
1 5 0
0 6 0
0 18 0
0 8 0
0 18 0
0 0 0
0 16 1
0 8 0
0 7 0
1 2 0
20
0 17 0
1 2 1
1 2 1
1 14 0
0 7 0
1 3 0
1 8 0
1 1 0
0 11 0
0 1 0
0 8 0
0 14 0
0 11 0
0 15 0
1 20 0
1 20 0
0 9 0
0 4 0
0 8 3
0 19 0
60
0 12 0
1 3 3
0 8 0
1 1 0
1 4 0
0 1 0
0 16 0
1 16 0
1 18 1
1 14 1
0 14 0
0 10 0
1 6 0
0 20 0
1 5 0
0 8 0
1 12 0
1 20 1
1 17 0
0 17 0
0 1 0
0 10 2
1 8 1
0 12 0
1 19 1
1 2 0
0 9 0
1 13 0
1 10 0
0 0 0
0 15 0
0 14 2
1 11 0
1 6 0
1 5 0
1 14 0
1 16 0
1 19 0
1 1 0
1 19 0
1 18 0
0 1 0
0 15 0
0 7 0
1 12 2
0 19 0
1 1 0
0 11 1
0 19 0
1 8 0
0 10 0
1 7 0
1 15 0
0 6 0
0 1 0
0 4 0
1 9 1
0 15 0
0 19 0
1 12 2
68
1 4 0
0 7 0
1 11 0
1 9 0
0 15 0
1 10 2
0 0 0
0 5 0
1 8 0
0 16 0
0 16 0
1 2 0
0 3 1
1 12 0
1 2 0
1 19 0
0 4 0
1 1 0
1 11 1
0 17 1
0 3 0
1 17 1
0 12 0
1 17 0
0 7 0
1 9 1
0 0 0
0 9 0
0 7 0
1 0 0
0 5 0
0 20 0
1 3 0
0 1 0
0 17 0
0 5 0
0 19 0
0 12 1
0 11 0
0 5 1
1 12 0
1 8 0
1 7 0
0 13 0
0 9 0
0 14 0
1 17 1
1 15 0
0 15 0
1 11 1
1 11 0
1 11 0
0 17 0
0 12 0
1 18 0
0 11 0
1 20 0
1 19 0
1 1 0
0 7 0
0 13 0
1 13 0
1 19 1
1 0 0
0 0 0
0 11 2
1 5 0
1 8 0
12
0 9 1
0 19 0
1 6 0
0 13 1
0 2 0
1 16 0
1 20 0
1 3 0
0 9 0
0 14 0
0 14 0
0 1 0
10
0 20 20
0 20 20
0 20 20
0 20 20
0 20 20
0 20 20
0 20 20
0 20 20
0 20 20
0 20 20
70
0 20 0
0 20 0
0 20 0
0 20 0
0 20 0
0 20 0
0 20 0
0 20 0
0 20 0
0 20 0
0 20 0
0 20 0
0 20 0
0 20 0
0 20 0
0 20 0
0 20 0
0 20 0
0 20 0
0 20 0
0 20 0
0 20 0
0 20 0
0 20 0
0 20 0
0 20 0
0 20 0
0 20 0
0 20 0
0 20 0
0 20 0
0 20 0
0 20 0
0 20 0
0 20 0
0 20 0
0 20 0
0 20 0
0 20 0
0 20 0
0 20 0
0 20 0
0 20 0
0 20 0
0 20 0
0 20 0
0 20 0
0 20 0
0 20 0
0 20 0
0 20 0
0 20 0
0 20 0
0 20 0
0 20 0
0 20 0
0 20 0
0 20 0
0 20 0
0 20 0
0 20 0
0 20 0
0 20 0
0 20 0
0 20 0
0 20 0
0 20 0
0 20 0
0 20 0
0 20 0
29
1 20 0
0 12 0
1 10 1
1 7 1
1 4 0
0 5 0
0 2 0
0 20 2
0 13 0
1 5 0
0 20 0
0 16 1
0 1 1
1 14 0
1 20 0
0 2 0
0 20 0
1 13 0
0 11 0
0 17 0
1 7 0
1 3 1
1 20 1
0 8 0
0 6 0
0 12 0
0 9 0
0 3 0
0 15 2
51
1 10 0
0 9 1
0 15 0
1 6 1
1 14 0
1 4 0
1 9 0
0 0 0
1 11 0
0 19 0
0 20 0
1 20 1
1 5 0
1 12 0
0 18 0
0 17 0
0 16 0
0 19 0
1 16 0
0 20 0
1 18 0
1 9 0
1 0 0
1 19 0
1 12 0
1 15 0
0 13 0
1 13 0
0 12 1
1 15 0
1 17 0
0 10 0
0 7 0
0 16 0
1 14 0
1 13 0
0 2 0
1 6 0
1 13 0
0 19 0
0 9 0
0 13 0
0 11 0
0 16 0
1 3 0
0 12 0
1 11 0
1 3 0
0 16 1
0 11 0
0 20 0
41
1 5 0
0 7 0
1 1 0
1 12 0
1 15 0
1 11 2
1 4 0
0 2 0
1 6 0
1 20 0
0 20 0
1 4 0
0 0 1
1 12 0
1 11 0
1 19 0
1 4 1
0 3 0
1 17 0
0 10 1
1 7 0
0 12 0
1 5 0
1 20 0
1 2 0
0 14 0
1 2 0
0 2 0
0 7 0
1 10 1
0 10 0
0 12 0
0 3 0
0 18 0
1 10 0
0 19 0
0 20 1
1 20 0
0 15 0
0 9 0
0 8 2
39
0 8 0
1 15 0
0 13 0
0 0 0
0 10 0
0 2 0
1 4 0
0 7 0
1 10 0
0 20 0
1 20 0
1 13 0
0 6 0
0 5 0
0 15 0
1 18 0
1 16 0
0 17 0
0 10 0
0 6 0
0 16 0
1 20 0
1 19 0
0 10 0
1 6 1
0 1 0
0 6 0
1 0 0
0 14 0
1 9 0
1 11 0
1 1 0
0 4 0
0 0 0
1 6 0
1 12 1
1 14 0
0 0 0
0 11 0
10
0 20 20
0 20 20
0 20 20
0 20 20
0 20 20
0 20 20
0 20 20
0 20 20
0 20 20
0 20 20
70
0 20 20
0 20 20
0 20 20
0 20 20
0 20 20
0 20 20
0 20 20
0 20 20
0 20 20
0 20 20
0 20 20
0 20 20
0 20 20
0 20 20
0 20 20
0 20 20
0 20 20
0 20 20
0 20 20
0 20 20
0 20 20
0 20 20
0 20 20
0 20 20
0 20 20
0 20 20
0 20 20
0 20 20
0 20 20
0 20 20
0 20 20
0 20 20
0 20 20
0 20 20
0 20 20
0 20 20
0 20 20
0 20 20
0 20 20
0 20 20
0 20 20
0 20 20
0 20 20
0 20 20
0 20 20
0 20 20
0 20 20
0 20 20
0 20 20
0 20 20
0 20 20
0 20 20
0 20 20
0 20 20
0 20 20
0 20 20
0 20 20
0 20 20
0 20 20
0 20 20
0 20 20
0 20 20
0 20 20
0 20 20
0 20 20
0 20 20
0 20 20
0 20 20
0 20 20
0 20 20
15
1 15 0
0 1 0
0 5 1
0 16 0
1 17 0
1 10 0
1 12 1
1 19 0
0 16 1
0 13 0
1 7 1
0 5 0
0 17 0
0 7 0
0 0 0
65
1 14 0
1 18 0
0 6 0
1 9 0
0 20 0
0 20 0
1 16 1
0 19 0
0 20 1
1 11 1
1 3 1
0 10 0
1 8 0
0 10 0
1 7 1
0 20 0
0 3 0
0 7 0
0 1 0
1 0 0
1 19 0
1 12 1
1 17 0
1 14 0
1 6 0
1 10 2
0 19 0
1 20 0
1 16 0
0 14 0
1 8 1
1 12 0
1 14 0
0 7 0
1 1 1
0 10 0
0 2 0
1 13 0
0 11 2
0 9 0
1 13 0
0 4 0
1 3 1
1 4 1
1 20 0
0 16 1
1 20 1
1 6 0
0 7 0
0 10 1
0 5 0
1 11 0
0 13 0
0 4 1
1 3 1
1 16 0
1 2 0
1 8 0
1 12 0
0 17 0
0 17 0
0 20 0
0 18 0
0 14 0
0 3 0
56
1 4 0
1 11 0
0 0 0
0 5 2
0 16 0
1 4 0
0 8 3
1 19 1
1 10 1
0 2 1
1 15 1
0 20 0
0 10 0
1 20 0
0 9 0
0 7 0
0 18 0
1 20 0
1 19 0
1 17 0
0 13 0
1 2 0
1 13 0
0 8 0
1 13 0
0 8 0
0 11 0
1 16 0
0 0 0
1 3 0
0 14 0
1 18 0
1 1 0
0 14 0
0 10 0
0 15 0
0 15 0
0 20 0
0 2 0
0 12 0
0 8 0
0 20 0
0 17 0
1 8 0
1 16 0
0 10 1
0 19 0
1 15 1
1 8 0
0 15 0
0 12 1
1 17 1
0 9 0
1 0 1
1 20 0
1 7 0
24
1 2 0
0 5 0
0 0 0
0 10 1
0 15 0
1 11 0
0 11 0
0 10 0
1 3 0
1 18 0
1 20 0
0 16 0
0 0 0
0 7 0
0 11 0
1 4 2
1 15 0
0 9 0
1 5 0
0 12 0
1 20 0
0 11 0
0 3 0
0 15 0
10
1 20 20
1 20 20
1 20 20
1 20 20
1 20 20
1 20 20
1 20 20
1 20 20
1 20 20
1 20 20
70
1 20 0
1 20 0
1 20 0
1 20 0
1 20 0
1 20 0
1 20 0
1 20 0
1 20 0
1 20 0
1 20 0
1 20 0
1 20 0
1 20 0
1 20 0
1 20 0
1 20 0
1 20 0
1 20 0
1 20 0
1 20 0
1 20 0
1 20 0
1 20 0
1 20 0
1 20 0
1 20 0
1 20 0
1 20 0
1 20 0
1 20 0
1 20 0
1 20 0
1 20 0
1 20 0
1 20 0
1 20 0
1 20 0
1 20 0
1 20 0
1 20 0
1 20 0
1 20 0
1 20 0
1 20 0
1 20 0
1 20 0
1 20 0
1 20 0
1 20 0
1 20 0
1 20 0
1 20 0
1 20 0
1 20 0
1 20 0
1 20 0
1 20 0
1 20 0
1 20 0
1 20 0
1 20 0
1 20 0
1 20 0
1 20 0
1 20 0
1 20 0
1 20 0
1 20 0
1 20 0
43
1 1 0
0 3 0
0 20 2
0 10 0
1 6 0
0 19 0
0 11 0
0 15 3
0 2 0
0 10 0
0 7 0
0 2 0
1 10 0
0 17 0
0 0 0
0 18 0
1 14 0
1 5 0
0 8 0
0 16 0
0 4 1
0 9 0
0 20 1
0 18 0
0 14 0
1 9 0
1 7 1
1 7 0
0 5 0
0 14 0
0 0 0
0 8 0
1 17 0
1 11 0
0 17 1
0 10 0
0 13 0
1 6 0
1 6 0
0 2 0
1 2 0
0 16 0
0 17 0
37
1 11 0
0 18 0
0 1 0
1 16 1
0 10 1
1 13 0
1 7 1
0 19 0
0 8 0
1 4 0
1 1 1
0 10 0
1 20 0
0 1 0
0 9 0
0 10 0
0 3 0
1 17 0
0 13 0
1 8 0
1 5 0
0 8 1
1 2 3
1 9 0
0 8 0
0 4 0
0 11 0
1 1 0
1 8 0
1 2 1
1 19 0
1 2 0
0 3 0
1 13 0
0 19 1
0 20 1
0 9 0